test/codg2930.11i
     1.0            IONOSPHERE MAPS     GNSS                IONEX VERSION / TYPE
ADDNEQ2 V5.1        AIUB                24-OCT-11 20:31     PGM / RUN BY / DATE 
CODE'S GLOBAL IONOSPHERE MAPS FOR DAY 293, 2011             COMMENT             
Global ionosphere maps (GIM) are generated on a daily basis DESCRIPTION         
at CODE using data from about 150 GPS sites of the IGS and  DESCRIPTION         
other institutions. The vertical total electron content     DESCRIPTION         
(VTEC) is modeled in a solar-geomagnetic reference frame    DESCRIPTION         
using a spherical harmonics expansion up to degree and      DESCRIPTION         
order 15. Piece-wise linear functions are used for          DESCRIPTION         
representation in the time domain. The time spacing of      DESCRIPTION         
their vertices is 2 hours, conforming with the epochs of    DESCRIPTION         
the VTEC maps. Instrumental biases, so-called differential  DESCRIPTION         
P1-P2 code biases (DCB), for all GPS satellites and ground  DESCRIPTION         
stations are estimated as constant values for each day,     DESCRIPTION         
simultaneously with the 13 times 256, or 3328 parameters    DESCRIPTION         
used to represent the global VTEC distribution. The DCB     DESCRIPTION         
datum is defined by a zero-mean condition imposed on the    DESCRIPTION         
satellite bias estimates. P1-C1 bias corrections are taken  DESCRIPTION         
into account if needed. To convert line-of-sight TEC into   DESCRIPTION         
vertical TEC, a modified single-layer model mapping         DESCRIPTION         
function approximating the JPL extended slab model mapping  DESCRIPTION         
function is adopted. The mapping function is evaluated at   DESCRIPTION         
geodetic satellite elevation angles. For the computation of DESCRIPTION         
the ionospheric pierce points, a spherical layer with a     DESCRIPTION         
radius of 6821 km is assumed, implying geocentric, not      DESCRIPTION         
geodetic IONEX latitudes.                                   DESCRIPTION         
Note: These GIM results correspond to the results for the   DESCRIPTION         
middle day of a 3-day combination analysis solving for 37   DESCRIPTION         
times 256, or 9472 VTEC parameters and one common set of    DESCRIPTION         
satellite and 24-hour receiver DCB constants.               DESCRIPTION         
Contact address: stefan.schaer or code @aiub.unibe.ch       DESCRIPTION         
Web site:        http://www.aiub.unibe.ch/ionosphere/       DESCRIPTION         
Data archive:    ftp://ftp.unibe.ch/aiub/CODE/              DESCRIPTION         
                 http://www.aiub.unibe.ch/download/CODE/    DESCRIPTION         
  2011    10    20     0     0     0                        EPOCH OF FIRST MAP  
  2011    10    21     0     0     0                        EPOCH OF LAST MAP   
  7200                                                      INTERVAL            
    13                                                      # OF MAPS IN FILE   
  NONE                                                      MAPPING FUNCTION    
    10.0                                                    ELEVATION CUTOFF    
One-way carrier phase leveled to code                       OBSERVABLES USED    
[...]
cggn chat chpi chti chur cnmr coco conz cpxf crar cro1 ctwn COMMENT             
daej darw dav1 dgar dgav dhlg drao dubo ebre eprt fair faiv COMMENT             
fale flin flrs frdn func ganp glsv gode godz gold gope gras COMMENT             
graz guam guat guug harb hers hert hnpt hob2 hofn holb holm COMMENT             
hrao iddr ieng iisc ineg invk iqal iqui irkj irkt isba joz2 COMMENT             
joze jplv karr kely kerg khaj khar kir0 kiru kit3 kokb kokv COMMENT             
kosg kouc kour lama lhaz lmmf lpal m0se mac1 madr mal2 mana COMMENT             
mas1 mat1 mate maui maw1 mccj mcm4 mdo1 mdvj medi metz mizu COMMENT             
mkea mnls mobj mobk mobs monp morp mqzg mtka nano nico nist COMMENT             
nklg not1 novm nrc1 nril nrmd ntus nurk nya1 ohi2 ohi3 onsa COMMENT             
opmt pado palv park pbr2 pbri pdel penc pert pfa2 pie1 pimo COMMENT             
pol2 pots prds ptag ptbb qaq1 quin rabt ramo rbay rcmn reso COMMENT             
reun reyk rio2 riop rosa roth salu sant savo sch2 scor scub COMMENT             
sele sey1 sfer shao smst sofi spt0 sthl stjo suth sutv suwn COMMENT             
sydn syog tabv tah1 tah2 thti thu2 thu3 tid1 tidb tixg tixi COMMENT             
tlse tn22 tow2 tro1 tsea tskb twtf txes uclu ufpr ulab unb3 COMMENT             
unbj unbn unbt unsa usn3 usno usud vaco vald vesl vill vtsp COMMENT             
wab1 wab2 wes2 wgtn whit will wsrt wtza wtzr wtzs wtzz wuhn COMMENT             
xian xmis yakt yar3 yell yssk zeck zim2 zimm zwe2           COMMENT             
                                                            END OF HEADER       
[from data line 1287]
     4                                                      START OF TEC MAP    
  2011    10    20     6     0     0                        EPOCH OF CURRENT MAP
    87.5-180.0 180.0   5.0 450.0                            LAT/LON1/LON2/DLON/H
  127  127  126  126  126  125  125  125  125  124  124  124  124  123  123  123
  122  122  121  121  120  120  119  119  118  118  118  117  117  117  117  117
  117  118  118  119  120  120  121  122  123  124  125  126  127  128  129  130
  131  132  133  134  134  135  135  136  136  136  136  136  136  135  135  134
  133  133  132  131  130  130  129  128  127
    85.0-180.0 180.0   5.0 450.0                            LAT/LON1/LON2/DLON/H
  128  126  125  125  124  124  125  125  126  127  127  128  128  128  128  128
  127  126  124  123  121  119  117  115  113  112  111  110  109  109  109  110
  110  112  113  114  116  118  120  122  125  127  129  132  134  137  139  141
  144  146  149  151  153  154  156  157  158  158  158  158  157  155  153  151
  149  146  143  140  137  135  132  130  128
    82.5-180.0 180.0   5.0 450.0                            LAT/LON1/LON2/DLON/H
  126  122  120  119  119  120  122  124  126  129  131  133  135  135  135  135
  133  131  128  125  121  117  113  110  106  104  102  100   99  100  100  102
  104  107  110  113  116  120  124  127  131  134  138  142  145  149  153  157
  161  165  169  173  177  181  184  187  189  190  190  190  188  185  182  177
  172  166  160  153  147  141  135  130  126
    80.0-180.0 180.0   5.0 450.0                            LAT/LON1/LON2/DLON/H
  123  117  113  111  111  112  115  119  124  128  133  137  139  141  141  140
  138  134  130  124  119  113  107  102   97   93   90   89   89   90   92   96
  100  105  110  115  121  126  131  136  141  145  150  154  159  164  169  174
  180  186  192  199  205  211  217  222  226  228  229  229  227  223  218  211
  202  193  182  172  160  150  139  130  123
    77.5-180.0 180.0   5.0 450.0                            LAT/LON1/LON2/DLON/H
  122  112  106  102  101  103  107  112  119  125  131  136  139  141  141  139
  136  132  126  119  112  105   98   92   86   82   80   79   80   82   87   92
   99  106  113  120  127  134  140  146  152  157  162  167  172  178  184  191
  198  206  214  223  232  240  249  256  262  266  269  269  267  263  256  247
  236  224  210  195  179  163  148  134  122
    75.0-180.0 180.0   5.0 450.0                            LAT/LON1/LON2/DLON/H
  126  113  102   96   94   95   99  106  113  120  127  131  134  135  134  131
  127  122  116  110  103   96   90   84   79   75   73   73   75   79   85   92
  100  109  117  126  133  141  148  154  160  166  172  178  185  191  199  207
  215  224  234  244  255  265  275  284  291  297  300  301  300  295  289  279
  268  254  238  220  201  181  162  143  126
    72.5-180.0 180.0   5.0 450.0                            LAT/LON1/LON2/DLON/H
  137  119  105   95   91   91   95  101  108  115  120  124  124  123  120  116
  111  107  102   98   94   89   85   80   76   74   73   73   76   81   88   95
  103  112  120  127  135  142  149  156  163  170  178  186  195  203  212  221
  231  241  251  261  272  283  293  302  310  316  319  320  319  315  309  300
  290  277  262  244  224  203  180  158  137
    70.0-180.0 180.0   5.0 450.0                            LAT/LON1/LON2/DLON/H
  153  131  113  100   93   91   94   99  106  111  115  115  113  108  102   97
   92   89   87   86   86   85   84   83   81   79   79   80   83   88   93  100
  106  112  118  123  129  135  142  150  159  169  180  192  203  215  226  237
  247  257  266  276  285  294  303  311  317  322  324  324  322  318  312  306
  299  289  278  264  246  225  202  177  153
    67.5-180.0 180.0   5.0 450.0                            LAT/LON1/LON2/DLON/H
  171  146  125  108   98   94   95  100  105  109  110  108  102   94   86   78
   74   73   74   78   82   86   89   90   90   90   90   91   93   96  100  103
  106  108  110  112  115  121  128  138  150  165  180  196  212  228  242  255
  266  275  282  289  296  302  307  312  316  318  318  315  311  307  302  298
  294  290  285  276  262  245  222  197  171
    65.0-180.0 180.0   5.0 450.0                            LAT/LON1/LON2/DLON/H
  189  162  137  118  105   98   97  100  105  108  108  103   95   84   73   65
   61   61   66   74   82   90   96   99  101  101  101  101  102  103  104  103
  102   99   97   96   97  102  111  124  140  159  180  201  222  242  260  275
  287  296  301  305  307  309  311  313  313  312  308  302  295  289  284  282
  282  283  283  280  273  259  240  216  189
    62.5-180.0 180.0   5.0 450.0                            LAT/LON1/LON2/DLON/H
  203  176  149  127  110  101   97   99  102  105  105  100   91   80   68   60
   56   58   64   74   85   95  102  107  109  109  109  109  108  107  105  101
   95   88   82   78   78   84   95  112  134  157  183  209  235  259  281  299
  312  320  324  324  323  321  319  318  315  311  304  294  284  275  268  266
  268  273  278  280  277  268  252  230  203
    60.0-180.0 180.0   5.0 450.0                            LAT/LON1/LON2/DLON/H
  215  187  160  135  115  102   95   94   96   99  100   97   90   80   70   62
   59   61   68   78   89   98  105  109  111  112  111  110  109  106  102   95
   86   77   68   63   63   71   86  108  133  161  190  220  249  276  302  323
  339  348  351  350  345  340  335  331  327  321  311  299  285  273  264  260
  262  267  274  278  278  272  259  239  215
    57.5-180.0 180.0   5.0 450.0                            LAT/LON1/LON2/DLON/H
  224  198  172  145  122  104   92   86   86   89   92   92   89   83   76   70
   68   70   76   84   92   99  104  106  108  108  108  107  106  102   97   89
   79   68   59   54   57   68   87  112  141  171  201  232  262  292  321  347
  366  378  382  379  373  366  360  354  349  342  332  318  302  286  274  268
  267  270  275  279  279  273  262  245  224
    55.0-180.0 180.0   5.0 450.0                            LAT/LON1/LON2/DLON/H
  233  211  187  160  134  110   92   81   76   77   81   85   87   86   83   80
   79   80   84   88   93   96   98   99  101  102  102  102  101   98   92   85
   76   66   58   55   60   75   97  125  156  185  214  243  273  305  337  366
  390  405  412  411  404  396  389  383  378  372  362  347  330  313  299  289
  285  284  284  283  280  273  264  250  233
    52.5-180.0 180.0   5.0 450.0                            LAT/LON1/LON2/DLON/H
  243  228  207  182  154  125  100   82   71   68   70   76   82   86   87   88
   88   88   89   90   91   91   91   92   94   96   98   98   97   94   90   84
   77   69   63   63   71   89  114  144  174  202  228  253  281  313  346  380
  408  428  438  439  433  425  417  410  406  400  391  378  362  345  330  318
  310  304  298  291  283  274  265  255  243
    50.0-180.0 180.0   5.0 450.0                            LAT/LON1/LON2/DLON/H
  255  246  231  210  182  151  120   93   74   65   64   69   76   83   88   91
   92   92   91   90   88   87   86   88   92   96   99   99   97   94   90   86
   81   77   74   77   87  107  134  164  192  217  239  261  286  316  351  387
  419  443  457  460  455  446  436  429  423  417  409  398  384  370  356  345
  335  325  313  300  287  275  267  261  255
    47.5-180.0 180.0   5.0 450.0                            LAT/LON1/LON2/DLON/H
  265  262  254  238  213  182  148  116   89   72   65   67   73   80   86   89
   91   91   91   89   87   86   87   91   97  103  107  106  102   97   93   90
   88   87   87   91  103  124  152  181  208  229  248  266  289  318  352  388
  422  448  465  469  465  455  443  433  426  419  411  402  391  380  370  361
  351  339  324  306  289  275  268  265  265
    45.0-180.0 180.0   5.0 450.0                            LAT/LON1/LON2/DLON/H
  268  271  268  258  239  212  179  145  114   91   77   73   75   79   83   86
   88   89   89   90   90   91   95  102  110  117  120  117  110  102   97   95
   95   96   98  103  116  137  165  194  219  238  255  271  292  318  350  384
  417  443  460  466  462  451  437  425  414  405  397  390  382  375  369  363
  355  344  327  307  288  273  266  265  268
    42.5-180.0 180.0   5.0 450.0                            LAT/LON1/LON2/DLON/H
  262  266  266  262  250  230  204  173  142  115   97   87   84   84   85   85
   86   88   90   93   97  102  109  118  128  135  136  130  119  108  100   98
   99  102  105  111  124  146  173  202  227  245  261  277  297  321  348  377
  406  430  447  453  449  438  424  409  396  386  377  370  365  361  358  355
  350  340  324  304  284  269  261  259  262
    40.0-180.0 180.0   5.0 450.0                            LAT/LON1/LON2/DLON/H
  245  245  245  243  238  227  211  188  163  138  119  106   99   95   93   90
   90   92   96  102  109  117  126  136  146  151  149  140  126  111  101   98
  100  103  107  114  127  150  179  208  233  252  269  286  305  325  347  369
  392  412  428  435  433  425  413  400  387  376  368  361  357  354  351  348
  343  334  319  301  281  265  254  248  245
    37.5-180.0 180.0   5.0 450.0                            LAT/LON1/LON2/DLON/H
  222  212  206  203  202  200  194  184  168  151  136  124  117  111  106  102
  100  101  107  115  123  132  142  152  159  161  156  145  129  113  101   96
   97  101  105  113  129  153  184  215  240  259  277  295  314  331  347  362
  379  395  410  420  423  421  416  409  402  394  387  381  376  370  363  356
  348  338  323  304  285  266  249  235  222
    35.0-180.0 180.0   5.0 450.0                            LAT/LON1/LON2/DLON/H
  202  178  161  152  151  153  156  157  155  148  141  135  131  128  123  118
  115  116  121  129  137  145  153  160  164  162  156  144  128  113  100   94
   94   97  102  112  130  158  191  223  248  268  285  304  323  338  348  358
  370  386  402  416  428  436  444  449  451  451  449  444  436  425  410  393
  377  361  343  323  301  278  254  228  202
    32.5-180.0 180.0   5.0 450.0                            LAT/LON1/LON2/DLON/H
  196  158  128  109  100  101  107  116  124  129  132  135  138  139  138  134
  131  132  136  141  146  152  157  161  160  155  148  138  126  113  101   93
   91   93   99  111  133  165  201  234  258  276  293  312  330  343  352  359
  371  389  410  431  453  476  499  521  539  550  555  553  542  523  495  465
  437  411  387  363  337  308  275  236  196
    30.0-180.0 180.0   5.0 450.0                            LAT/LON1/LON2/DLON/H
  216  166  124   93   73   64   65   75   89  102  113  124  135  142  146  145
  144  145  146  148  149  152  155  155  151  143  136  130  124  115  104   95
   91   92   98  113  138  174  213  245  267  282  297  315  334  348  358  368
  384  408  436  466  499  537  579  621  656  681  695  696  683  655  615  569
  525  487  454  424  394  359  317  268  216
    27.5-180.0 180.0   5.0 450.0                            LAT/LON1/LON2/DLON/H
  270  214  164  122   87   62   51   53   64   79   94  109  124  138  145  148
  149  150  150  148  146  146  148  147  141  132  125  124  124  121  112  101
   93   92   99  116  144  183  224  255  274  286  298  316  336  354  369  386
  411  443  479  518  561  613  671  731  783  821  845  851  837  802  750  689
  631  581  540  504  469  429  383  328  270
    25.0-180.0 180.0   5.0 450.0                            LAT/LON1/LON2/DLON/H
  356  303  252  203  154  110   80   68   69   77   87  100  115  129  139  144
  146  148  146  142  138  138  142  144  138  127  120  122  129  130  123  109
   98   95  101  119  150  190  231  262  278  287  298  316  339  363  386  414
  449  491  535  579  628  688  758  831  895  944  975  986  974  936  877  807
  739  680  632  592  554  513  466  413  356
    22.5-180.0 180.0   5.0 450.0                            LAT/LON1/LON2/DLON/H
  467  424  381  331  271  210  160  129  115  109  107  109  116  126  133  136
  138  140  139  134  130  133  143  149  145  133  124  127  137  142  134  118
  104   98  104  122  153  193  234  264  279  287  298  318  345  376  410  449
  495  544  592  638  688  749  823  900  969 1023 1058 1074 1066 1031  972  900
  828  767  717  676  639  601  559  513  467
    20.0-180.0 180.0   5.0 450.0                            LAT/LON1/LON2/DLON/H
  584  559  530  486  422  348  282  234  203  180  159  144  138  137  135  133
  132  133  133  129  127  136  153  167  166  152  139  139  148  153  145  126
  109  101  106  123  153  193  233  263  279  288  301  324  357  395  438  487
  541  595  643  685  729  784  852  925  990 1041 1076 1096 1094 1068 1017  952
  886  828  783  746  713  681  648  614  584
    17.5-180.0 180.0   5.0 450.0                            LAT/LON1/LON2/DLON/H
  689  684  673  641  579  501  426  368  323  282  243  209  186  170  156  142
  135  134  134  132  134  149  175  198  199  182  162  156  161  163  152  132
  112  103  107  123  152  190  229  260  279  292  309  337  375  420  469  524
  582  635  678  712  745  788  844  903  957  999 1030 1051 1058 1045 1010  959
  906  859  822  793  768  745  721  701  689
    15.0-180.0 180.0   5.0 450.0                            LAT/LON1/LON2/DLON/H
  766  778  784  765  712  638  564  504  453  401  346  296  257  227  198  172
  155  149  148  147  151  172  207  236  241  220  192  176  174  171  158  135
  114  105  108  124  151  188  226  258  281  300  323  355  396  445  498  554
  610  658  693  717  738  766  804  846  883  912  935  957  973  975  959  928
  893  861  836  817  800  785  771  763  766
    12.5-180.0 180.0   5.0 450.0                            LAT/LON1/LON2/DLON/H
  805  826  843  835  794  731  668  617  568  512  449  391  343  302  261  221
  193  181  177  174  179  202  241  277  284  260  224  199  188  179  162  138
  116  107  110  126  152  188  225  258  285  310  338  374  417  466  519  573
  623  662  689  704  714  728  749  772  791  806  822  843  866  884  887  877
  860  843  831  821  813  804  795  794  805
    10.0-180.0 180.0   5.0 450.0                            LAT/LON1/LON2/DLON/H
  805  827  846  844  813  765  720  684  646  595  534  476  429  386  337  287
  248  227  217  210  211  232  273  311  321  296  255  222  203  189  168  142
  120  110  114  130  157  191  228  261  291  320  351  389  431  479  529  578
  620  652  672  682  687  691  698  705  710  714  723  743  771  800  819  825
  824  820  817  815  812  805  798  795  805
     7.5-180.0 180.0   5.0 450.0                            LAT/LON1/LON2/DLON/H
  778  790  802  798  774  742  716  698  675  635  583  535  499  463  414  358
  310  280  263  249  243  257  294  333  345  323  282  245  221  202  178  150
  127  117  120  137  164  198  233  265  295  326  359  395  436  481  527  570
  606  632  650  661  667  668  668  666  664  663  668  685  715  749  776  793
  800  803  806  808  805  798  787  777  778
     5.0-180.0 180.0   5.0 450.0                            LAT/LON1/LON2/DLON/H
  737  733  730  719  698  677  668  667  657  629  591  560  542  520  479  422
  369  333  308  284  267  271  301  338  354  338  302  268  242  220  194  164
  138  125  127  144  173  206  239  268  296  326  358  393  431  472  515  554
  586  611  632  650  662  667  667  665  664  664  669  684  711  743  771  788
  796  801  804  805  801  790  772  751  737
     2.5-180.0 180.0   5.0 450.0                            LAT/LON1/LON2/DLON/H
  700  677  657  635  612  599  601  611  610  590  565  552  554  551  522  470
  416  375  343  310  281  273  294  328  349  342  317  288  265  242  213  181
  152  135  135  152  181  214  243  268  292  320  350  383  418  458  499  536
  567  594  622  651  674  688  694  699  705  713  723  737  757  781  800  810
  812  812  811  809  802  786  760  729  700
