test/codg2930.11i
     1.0            IONOSPHERE MAPS     GNSS                IONEX VERSION / TYPE
ADDNEQ2 V5.1        AIUB                24-OCT-11 20:31     PGM / RUN BY / DATE 
CODE'S GLOBAL IONOSPHERE MAPS FOR DAY 293, 2011             COMMENT             
Global ionosphere maps (GIM) are generated on a daily basis DESCRIPTION         
at CODE using data from about 150 GPS sites of the IGS and  DESCRIPTION         
other institutions. The vertical total electron content     DESCRIPTION         
(VTEC) is modeled in a solar-geomagnetic reference frame    DESCRIPTION         
using a spherical harmonics expansion up to degree and      DESCRIPTION         
order 15. Piece-wise linear functions are used for          DESCRIPTION         
representation in the time domain. The time spacing of      DESCRIPTION         
their vertices is 2 hours, conforming with the epochs of    DESCRIPTION         
the VTEC maps. Instrumental biases, so-called differential  DESCRIPTION         
P1-P2 code biases (DCB), for all GPS satellites and ground  DESCRIPTION         
stations are estimated as constant values for each day,     DESCRIPTION         
simultaneously with the 13 times 256, or 3328 parameters    DESCRIPTION         
used to represent the global VTEC distribution. The DCB     DESCRIPTION         
datum is defined by a zero-mean condition imposed on the    DESCRIPTION         
satellite bias estimates. P1-C1 bias corrections are taken  DESCRIPTION         
into account if needed. To convert line-of-sight TEC into   DESCRIPTION         
vertical TEC, a modified single-layer model mapping         DESCRIPTION         
function approximating the JPL extended slab model mapping  DESCRIPTION         
function is adopted. The mapping function is evaluated at   DESCRIPTION         
geodetic satellite elevation angles. For the computation of DESCRIPTION         
the ionospheric pierce points, a spherical layer with a     DESCRIPTION         
radius of 6821 km is assumed, implying geocentric, not      DESCRIPTION         
geodetic IONEX latitudes.                                   DESCRIPTION         
Note: These GIM results correspond to the results for the   DESCRIPTION         
middle day of a 3-day combination analysis solving for 37   DESCRIPTION         
times 256, or 9472 VTEC parameters and one common set of    DESCRIPTION         
satellite and 24-hour receiver DCB constants.               DESCRIPTION         
Contact address: stefan.schaer or code @aiub.unibe.ch       DESCRIPTION         
Web site:        http://www.aiub.unibe.ch/ionosphere/       DESCRIPTION         
Data archive:    ftp://ftp.unibe.ch/aiub/CODE/              DESCRIPTION         
                 http://www.aiub.unibe.ch/download/CODE/    DESCRIPTION         
  2011    10    20     0     0     0                        EPOCH OF FIRST MAP  
  2011    10    21     0     0     0                        EPOCH OF LAST MAP   
  7200                                                      INTERVAL            
    13                                                      # OF MAPS IN FILE   
  NONE                                                      MAPPING FUNCTION    
    10.0                                                    ELEVATION CUTOFF    
One-way carrier phase leveled to code                       OBSERVABLES USED    
[...]
cggn chat chpi chti chur cnmr coco conz cpxf crar cro1 ctwn COMMENT             
daej darw dav1 dgar dgav dhlg drao dubo ebre eprt fair faiv COMMENT             
fale flin flrs frdn func ganp glsv gode godz gold gope gras COMMENT             
graz guam guat guug harb hers hert hnpt hob2 hofn holb holm COMMENT             
hrao iddr ieng iisc ineg invk iqal iqui irkj irkt isba joz2 COMMENT             
joze jplv karr kely kerg khaj khar kir0 kiru kit3 kokb kokv COMMENT             
kosg kouc kour lama lhaz lmmf lpal m0se mac1 madr mal2 mana COMMENT             
mas1 mat1 mate maui maw1 mccj mcm4 mdo1 mdvj medi metz mizu COMMENT             
mkea mnls mobj mobk mobs monp morp mqzg mtka nano nico nist COMMENT             
nklg not1 novm nrc1 nril nrmd ntus nurk nya1 ohi2 ohi3 onsa COMMENT             
opmt pado palv park pbr2 pbri pdel penc pert pfa2 pie1 pimo COMMENT             
pol2 pots prds ptag ptbb qaq1 quin rabt ramo rbay rcmn reso COMMENT             
reun reyk rio2 riop rosa roth salu sant savo sch2 scor scub COMMENT             
sele sey1 sfer shao smst sofi spt0 sthl stjo suth sutv suwn COMMENT             
sydn syog tabv tah1 tah2 thti thu2 thu3 tid1 tidb tixg tixi COMMENT             
tlse tn22 tow2 tro1 tsea tskb twtf txes uclu ufpr ulab unb3 COMMENT             
unbj unbn unbt unsa usn3 usno usud vaco vald vesl vill vtsp COMMENT             
wab1 wab2 wes2 wgtn whit will wsrt wtza wtzr wtzs wtzz wuhn COMMENT             
xian xmis yakt yar3 yell yssk zeck zim2 zimm zwe2           COMMENT             
                                                            END OF HEADER       
[from data line 4719]
    12                                                      START OF TEC MAP    
  2011    10    20    22     0     0                        EPOCH OF CURRENT MAP
    87.5-180.0 180.0   5.0 450.0                            LAT/LON1/LON2/DLON/H
  144  145  147  148  149  151  152  154  155  157  158  159  161  162  162  163
  164  164  164  164  164  164  164  163  163  162  161  160  159  158  157  156
  155  154  153  152  150  149  148  147  146  145  144  143  142  141  140  140
  139  138  138  137  137  136  136  136  136  135  135  135  136  136  136  136
  137  137  138  139  140  141  142  143  144
    85.0-180.0 180.0   5.0 450.0                            LAT/LON1/LON2/DLON/H
  139  141  144  147  150  154  157  160  164  167  171  174  176  179  180  182
  183  183  184  183  182  181  180  179  177  175  173  171  169  167  164  162
  160  158  156  154  152  150  148  146  144  143  141  139  138  137  136  135
  134  133  132  131  131  130  130  129  129  128  128  128  128  128  128  128
  128  129  130  131  132  133  135  137  139
    82.5-180.0 180.0   5.0 450.0                            LAT/LON1/LON2/DLON/H
  136  139  142  147  151  157  162  168  174  180  185  190  195  198  201  203
  204  204  203  202  199  197  194  190  187  184  180  177  174  171  168  166
  163  161  158  156  153  151  149  146  144  142  140  138  136  135  134  133
  132  131  130  130  129  129  128  128  127  127  126  126  125  125  125  124
  125  125  125  126  127  129  131  133  136
    80.0-180.0 180.0   5.0 450.0                            LAT/LON1/LON2/DLON/H
  138  141  145  150  156  162  170  178  186  195  203  210  216  221  224  226
  226  225  222  218  213  208  202  197  192  187  182  178  175  171  169  166
  164  162  160  158  155  152  150  147  144  142  139  137  136  134  133  132
  132  131  131  131  130  130  130  129  129  128  127  127  126  126  125  125
  126  126  127  128  129  131  132  135  138
    77.5-180.0 180.0   5.0 450.0                            LAT/LON1/LON2/DLON/H
  149  152  156  160  166  174  182  192  202  213  223  233  240  246  249  250
  248  244  238  231  223  215  206  198  191  184  178  174  170  167  165  163
  162  161  159  157  155  152  149  146  143  140  138  136  134  133  133  132
  132  132  132  132  132  132  131  131  131  130  129  129  128  128  128  129
  130  132  134  136  138  141  143  146  149
    75.0-180.0 180.0   5.0 450.0                            LAT/LON1/LON2/DLON/H
  170  173  176  180  185  192  201  211  223  235  248  258  267  273  275  274
  270  263  253  242  231  219  207  197  187  178  171  165  161  158  156  156
  155  155  154  153  151  148  145  141  138  135  132  131  130  129  129  129
  129  130  130  130  130  130  130  130  130  129  129  129  129  129  131  133
  136  140  144  149  154  159  163  167  170
    72.5-180.0 180.0   5.0 450.0                            LAT/LON1/LON2/DLON/H
  201  204  206  209  212  218  225  235  248  261  274  286  296  301  302  299
  291  280  267  253  238  223  209  195  183  172  162  154  148  144  142  142
  142  142  143  142  140  137  134  130  126  123  121  121  120  121  121  122
  122  122  122  122  122  122  123  123  124  124  124  125  126  127  130  134
  140  147  156  165  175  183  191  197  201
    70.0-180.0 180.0   5.0 450.0                            LAT/LON1/LON2/DLON/H
  236  240  242  243  245  248  254  263  275  288  302  314  323  328  328  322
  312  298  282  264  247  230  213  197  182  168  155  143  134  127  123  122
  122  123  124  124  122  119  116  112  108  106  105  105  106  108  109  110
  110  109  108  108  107  108  109  110  112  113  115  116  118  120  125  131
  140  152  165  180  195  209  221  230  236
    67.5-180.0 180.0   5.0 450.0                            LAT/LON1/LON2/DLON/H
  271  276  279  279  280  281  285  292  302  314  327  339  348  352  351  344
  332  316  298  279  260  242  224  205  187  168  150  134  119  109  102   99
   98   99  100  101   99   97   93   89   86   85   85   87   90   92   94   94
   93   91   89   87   87   88   90   93   96   99  102  104  107  110  116  125
  136  152  170  190  211  230  247  261  271
    65.0-180.0 180.0   5.0 450.0                            LAT/LON1/LON2/DLON/H
  298  306  311  312  312  312  314  318  326  336  348  359  368  372  370  363
  350  334  316  298  279  260  240  219  197  174  150  128  108   93   82   77
   75   75   77   77   76   74   70   67   65   65   67   70   74   77   78   77
   74   70   66   64   64   66   70   75   80   85   89   92   95   99  106  115
  129  147  169  194  220  245  267  285  298
    62.5-180.0 180.0   5.0 450.0                            LAT/LON1/LON2/DLON/H
  316  327  334  338  339  339  340  342  346  354  363  372  380  385  384  378
  367  353  336  318  300  281  260  237  212  184  156  129  104   85   71   63
   59   59   60   60   60   57   54   52   51   52   55   60   64   66   66   62
   57   51   46   43   44   48   54   61   68   74   79   83   86   90   97  107
  122  142  166  194  223  251  277  299  316
    60.0-180.0 180.0   5.0 450.0                            LAT/LON1/LON2/DLON/H
  324  338  349  356  360  362  363  363  364  367  372  379  386  391  393  390
  382  370  356  339  322  302  280  255  227  197  166  137  111   89   73   62
   57   55   55   55   54   52   50   48   48   50   54   59   62   62   59   53
   46   38   32   30   32   38   46   55   63   70   75   79   82   85   92  102
  118  139  164  193  223  253  281  305  324
    57.5-180.0 180.0   5.0 450.0                            LAT/LON1/LON2/DLON/H
  327  344  358  369  378  383  385  383  381  379  379  382  388  393  397  397
  393  385  372  357  339  319  295  269  241  211  182  154  129  107   90   78
   70   66   64   63   61   60   58   57   58   61   64   68   69   67   61   52
   43   34   29   28   32   39   49   59   68   75   79   81   83   87   93  104
  120  141  167  196  226  255  283  306  327
    55.0-180.0 180.0   5.0 450.0                            LAT/LON1/LON2/DLON/H
  330  348  365  381  394  404  408  406  400  393  387  386  388  393  398  401
  400  395  384  370  351  329  304  278  252  226  201  178  157  139  122  109
   98   89   84   81   79   78   78   78   79   81   84   85   84   79   70   59
   49   41   37   39   45   54   64   74   82   87   89   90   91   94  101  112
  129  150  176  205  234  262  288  310  330
    52.5-180.0 180.0   5.0 450.0                            LAT/LON1/LON2/DLON/H
  338  356  374  393  412  427  434  433  424  412  400  393  391  394  399  403
  404  400  391  375  355  332  307  283  260  239  222  206  192  177  162  146
  131  119  109  104  102  101  102  103  104  106  107  106  102   94   84   72
   63   57   56   60   67   77   87   95  101  103  103  102  102  106  113  126
  144  167  193  221  249  276  299  320  338
    50.0-180.0 180.0   5.0 450.0                            LAT/LON1/LON2/DLON/H
  353  369  387  408  430  450  461  462  452  437  420  407  400  399  402  405
  406  402  392  376  355  331  307  285  266  252  242  233  224  213  198  180
  161  144  131  124  121  121  123  125  127  129  128  126  120  110   99   89
   81   78   80   85   94  103  112  118  120  120  117  115  115  119  128  143
  163  187  214  243  271  296  318  337  353
    47.5-180.0 180.0   5.0 450.0                            LAT/LON1/LON2/DLON/H
  372  386  403  423  447  469  485  489  481  464  445  428  416  410  409  410
  409  404  393  376  354  330  308  288  274  264  258  253  247  236  219  199
  176  156  142  134  132  134  137  140  142  143  142  139  132  123  114  106
  101  100  103  109  117  125  131  135  135  132  128  125  126  131  143  160
  182  207  235  265  293  319  340  358  372
    45.0-180.0 180.0   5.0 450.0                            LAT/LON1/LON2/DLON/H
  391  403  416  434  456  480  499  508  504  490  471  453  438  427  422  418
  414  408  396  379  357  335  314  296  283  274  267  260  251  238  219  197
  173  153  140  134  134  138  143  146  148  149  148  145  139  132  125  120
  117  118  121  125  131  137  140  142  140  137  133  131  133  141  155  174
  198  224  253  282  311  337  360  378  391
    42.5-180.0 180.0   5.0 450.0                            LAT/LON1/LON2/DLON/H
  405  415  425  437  456  478  499  513  516  509  495  478  462  449  440  433
  426  418  406  389  370  349  328  310  294  280  266  252  236  218  197  175
  155  139  130  128  132  138  143  146  147  147  147  145  141  137  133  131
  129  128  129  130  132  134  136  136  135  132  130  131  136  148  165  186
  210  236  263  291  319  346  370  391  405
    40.0-180.0 180.0   5.0 450.0                            LAT/LON1/LON2/DLON/H
  410  421  426  432  444  463  485  504  515  516  511  500  487  473  462  453
  446  438  426  410  391  371  349  327  304  280  255  230  206  183  162  145
  133  126  124  128  135  142  146  147  147  146  145  145  144  142  140  138
  136  132  127  122  120  119  120  121  121  121  122  127  137  152  172  195
  219  243  267  291  317  344  370  393  410
    37.5-180.0 180.0   5.0 450.0                            LAT/LON1/LON2/DLON/H
  409  421  424  423  427  440  460  483  501  513  518  515  508  497  487  479
  473  466  455  440  420  398  372  343  310  275  238  204  173  148  132  124
  124  128  135  144  152  158  160  158  154  152  151  151  150  149  148  145
  139  130  118  107  100   97   98  100  103  106  111  120  135  155  179  203
  226  247  266  286  308  332  360  387  409
    35.0-180.0 180.0   5.0 450.0                            LAT/LON1/LON2/DLON/H
  407  423  425  418  414  420  437  461  485  505  519  525  525  519  513  509
  506  501  490  473  450  423  390  352  309  265  222  184  153  133  127  132
  145  160  174  184  190  193  190  184  177  172  169  167  165  163  159  153
  143  127  108   91   80   76   77   82   86   92  101  114  134  160  187  212
  234  251  266  281  298  320  347  379  407
    32.5-180.0 180.0   5.0 450.0                            LAT/LON1/LON2/DLON/H
  413  435  440  430  419  418  430  451  477  501  521  534  539  539  538  539
  541  537  524  502  473  438  397  351  302  256  216  186  165  157  163  183
  208  230  244  249  249  244  236  226  215  207  201  196  190  183  175  164
  148  127  102   81   68   64   66   71   77   84   95  112  136  166  197  223
  244  260  272  283  296  314  342  378  413
    30.0-180.0 180.0   5.0 450.0                            LAT/LON1/LON2/DLON/H
  437  468  477  468  454  447  453  469  490  512  532  547  556  559  562  568
  572  568  550  521  483  439  391  340  292  255  232  221  220  229  250  280
  310  332  338  331  319  305  291  277  264  254  244  234  221  208  193  177
  158  133  106   83   70   65   67   72   77   84   95  114  142  175  209  237
  258  273  285  296  307  325  353  394  437
    27.5-180.0 180.0   5.0 450.0                            LAT/LON1/LON2/DLON/H
  483  523  540  536  522  513  514  522  534  547  560  572  578  581  585  592
  596  589  564  525  477  426  373  324  287  271  276  295  320  348  379  412
  440  450  439  414  385  361  343  328  315  303  289  274  255  233  212  192
  170  145  120   99   86   82   83   85   88   92  102  122  151  187  223  253
  275  292  308  322  336  355  386  431  483
    25.0-180.0 180.0   5.0 450.0                            LAT/LON1/LON2/DLON/H
  549  599  626  629  621  614  612  611  609  608  610  611  610  608  608  612
  612  598  565  515  460  405  354  315  297  310  350  405  456  497  530  556
  569  560  526  477  430  398  379  367  355  343  328  308  282  254  228  205
  184  163  142  125  114  109  108  106  104  105  114  133  163  201  238  269
  292  313  336  359  380  403  438  489  549
    22.5-180.0 180.0   5.0 450.0                            LAT/LON1/LON2/DLON/H
  625  683  720  734  735  735  734  726  710  692  677  665  653  641  632  628
  621  598  555  498  439  387  347  324  331  376  451  535  604  647  670  679
  670  636  576  504  443  405  389  382  376  365  349  327  299  267  237  214
  197  182  168  156  147  141  136  129  123  121  127  145  177  215  253  283
  308  334  365  399  431  462  503  559  625
    20.0-180.0 180.0   5.0 450.0                            LAT/LON1/LON2/DLON/H
  697  761  805  830  845  856  859  847  820  785  755  729  705  680  659  644
  626  594  544  484  429  387  363  361  394  466  566  666  736  766  767  750
  716  659  578  489  418  381  371  372  371  362  348  328  300  267  237  216
  204  197  191  184  176  168  159  148  139  134  139  157  189  228  266  296
  321  351  391  436  480  521  567  627  697
    17.5-180.0 180.0   5.0 450.0                            LAT/LON1/LON2/DLON/H
  750  815  863  897  926  951  964  953  918  873  830  794  759  723  689  662
  634  595  542  485  440  415  412  432  483  569  676  771  823  825  794  749
  694  622  530  436  365  333  332  341  344  337  325  309  286  257  229  210
  204  205  206  203  196  185  172  159  148  143  147  166  199  238  276  305
  330  363  409  465  519  568  619  680  750
    15.0-180.0 180.0   5.0 450.0                            LAT/LON1/LON2/DLON/H
  773  834  881  921  961 1002 1027 1023  988  938  890  850  810  766  722  685
  649  608  559  511  482  477  494  530  589  671  761  829  845  808  742  673
  609  536  449  361  299  277  285  300  304  297  287  276  261  238  214  199
  197  204  211  210  202  189  175  161  150  146  152  172  205  246  284  313
  337  370  419  481  542  597  649  709  773
    12.5-180.0 180.0   5.0 450.0                            LAT/LON1/LON2/DLON/H
  765  815  857  896  945  999 1039 1045 1017  970  926  889  851  805  757  714
  677  639  598  565  554  568  601  644  695  754  807  828  796  717  621  541
  481  425  358  290  243  233  248  263  263  252  242  238  231  216  197  185
  186  196  205  206  197  183  168  156  148  146  154  174  208  250  290  319
  343  375  423  485  548  604  656  709  765
    10.0-180.0 180.0   5.0 450.0                            LAT/LON1/LON2/DLON/H
  732  768  798  832  884  948 1002 1022 1005  969  934  907  877  837  791  749
  716  687  660  643  647  675  716  755  784  804  805  770  688  573  460  383
  344  320  286  245  218  218  235  246  236  217  204  203  205  198  183  172
  173  184  194  194  185  171  159  150  146  146  154  175  210  253  294  325
  350  379  424  481  541  594  642  688  732
     7.5-180.0 180.0   5.0 450.0                            LAT/LON1/LON2/DLON/H
  687  709  724  748  797  866  931  966  963  940  919  906  890  861  823  788
  764  748  736  732  746  779  818  842  840  812  757  668  547  411  299  241
  236  251  256  245  235  241  254  254  232  200  181  181  189  188  175  164
  164  173  182  181  172  160  152  148  146  147  155  175  210  254  298  332
  358  386  425  475  528  576  618  656  687
     5.0-180.0 180.0   5.0 450.0                            LAT/LON1/LON2/DLON/H
  648  657  658  670  710  779  851  897  908  899  892  892  891  876  850  826
  814  812  812  817  834  862  888  890  854  781  677  549  407  272  179  152
  184  238  277  291  293  298  303  289  251  206  179  177  187  189  178  165
  162  168  174  172  163  155  151  150  150  151  158  176  210  255  301  339
  368  395  429  472  517  559  596  627  648
     2.5-180.0 180.0   5.0 450.0                            LAT/LON1/LON2/DLON/H
  628  628  618  618  649  712  785  840  861  862  864  875  887  885  872  859
  858  867  876  884  893  908  915  894  828  721  586  442  303  191  131  138
  202  285  347  374  379  378  371  343  291  234  198  191  200  203  191  175
  168  170  173  169  161  155  155  157  158  157  161  178  211  256  304  346
  378  406  437  474  513  551  585  612  628
