test/codg2930.11i
     1.0            IONOSPHERE MAPS     GNSS                IONEX VERSION / TYPE
ADDNEQ2 V5.1        AIUB                24-OCT-11 20:31     PGM / RUN BY / DATE 
CODE'S GLOBAL IONOSPHERE MAPS FOR DAY 293, 2011             COMMENT             
Global ionosphere maps (GIM) are generated on a daily basis DESCRIPTION         
at CODE using data from about 150 GPS sites of the IGS and  DESCRIPTION         
other institutions. The vertical total electron content     DESCRIPTION         
(VTEC) is modeled in a solar-geomagnetic reference frame    DESCRIPTION         
using a spherical harmonics expansion up to degree and      DESCRIPTION         
order 15. Piece-wise linear functions are used for          DESCRIPTION         
representation in the time domain. The time spacing of      DESCRIPTION         
their vertices is 2 hours, conforming with the epochs of    DESCRIPTION         
the VTEC maps. Instrumental biases, so-called differential  DESCRIPTION         
P1-P2 code biases (DCB), for all GPS satellites and ground  DESCRIPTION         
stations are estimated as constant values for each day,     DESCRIPTION         
simultaneously with the 13 times 256, or 3328 parameters    DESCRIPTION         
used to represent the global VTEC distribution. The DCB     DESCRIPTION         
datum is defined by a zero-mean condition imposed on the    DESCRIPTION         
satellite bias estimates. P1-C1 bias corrections are taken  DESCRIPTION         
into account if needed. To convert line-of-sight TEC into   DESCRIPTION         
vertical TEC, a modified single-layer model mapping         DESCRIPTION         
function approximating the JPL extended slab model mapping  DESCRIPTION         
function is adopted. The mapping function is evaluated at   DESCRIPTION         
geodetic satellite elevation angles. For the computation of DESCRIPTION         
the ionospheric pierce points, a spherical layer with a     DESCRIPTION         
radius of 6821 km is assumed, implying geocentric, not      DESCRIPTION         
geodetic IONEX latitudes.                                   DESCRIPTION         
Note: These GIM results correspond to the results for the   DESCRIPTION         
middle day of a 3-day combination analysis solving for 37   DESCRIPTION         
times 256, or 9472 VTEC parameters and one common set of    DESCRIPTION         
satellite and 24-hour receiver DCB constants.               DESCRIPTION         
Contact address: stefan.schaer or code @aiub.unibe.ch       DESCRIPTION         
Web site:        http://www.aiub.unibe.ch/ionosphere/       DESCRIPTION         
Data archive:    ftp://ftp.unibe.ch/aiub/CODE/              DESCRIPTION         
                 http://www.aiub.unibe.ch/download/CODE/    DESCRIPTION         
  2011    10    20     0     0     0                        EPOCH OF FIRST MAP  
  2011    10    21     0     0     0                        EPOCH OF LAST MAP   
  7200                                                      INTERVAL            
    13                                                      # OF MAPS IN FILE   
  NONE                                                      MAPPING FUNCTION    
    10.0                                                    ELEVATION CUTOFF    
One-way carrier phase leveled to code                       OBSERVABLES USED    
[...]
cggn chat chpi chti chur cnmr coco conz cpxf crar cro1 ctwn COMMENT             
daej darw dav1 dgar dgav dhlg drao dubo ebre eprt fair faiv COMMENT             
fale flin flrs frdn func ganp glsv gode godz gold gope gras COMMENT             
graz guam guat guug harb hers hert hnpt hob2 hofn holb holm COMMENT             
hrao iddr ieng iisc ineg invk iqal iqui irkj irkt isba joz2 COMMENT             
joze jplv karr kely kerg khaj khar kir0 kiru kit3 kokb kokv COMMENT             
kosg kouc kour lama lhaz lmmf lpal m0se mac1 madr mal2 mana COMMENT             
mas1 mat1 mate maui maw1 mccj mcm4 mdo1 mdvj medi metz mizu COMMENT             
mkea mnls mobj mobk mobs monp morp mqzg mtka nano nico nist COMMENT             
nklg not1 novm nrc1 nril nrmd ntus nurk nya1 ohi2 ohi3 onsa COMMENT             
opmt pado palv park pbr2 pbri pdel penc pert pfa2 pie1 pimo COMMENT             
pol2 pots prds ptag ptbb qaq1 quin rabt ramo rbay rcmn reso COMMENT             
reun reyk rio2 riop rosa roth salu sant savo sch2 scor scub COMMENT             
sele sey1 sfer shao smst sofi spt0 sthl stjo suth sutv suwn COMMENT             
sydn syog tabv tah1 tah2 thti thu2 thu3 tid1 tidb tixg tixi COMMENT             
tlse tn22 tow2 tro1 tsea tskb twtf txes uclu ufpr ulab unb3 COMMENT             
unbj unbn unbt unsa usn3 usno usud vaco vald vesl vill vtsp COMMENT             
wab1 wab2 wes2 wgtn whit will wsrt wtza wtzr wtzs wtzz wuhn COMMENT             
xian xmis yakt yar3 yell yssk zeck zim2 zimm zwe2           COMMENT             
                                                            END OF HEADER       
[from data line 5148]
    13                                                      START OF TEC MAP    
  2011    10    21     0     0     0                        EPOCH OF CURRENT MAP
    87.5-180.0 180.0   5.0 450.0                            LAT/LON1/LON2/DLON/H
  225  226  228  229  231  232  233  234  235  236  236  236  237  237  236  236
  235  234  233  232  230  229  227  225  223  221  219  217  215  213  211  209
  208  206  204  203  201  200  199  198  197  197  196  196  196  196  196  196
  196  197  197  198  198  199  200  200  201  202  203  205  206  207  208  210
  211  213  215  216  218  220  221  223  225
    85.0-180.0 180.0   5.0 450.0                            LAT/LON1/LON2/DLON/H
  225  228  232  235  238  240  243  245  247  248  249  250  250  250  249  248
  247  245  243  240  237  234  230  226  222  217  213  208  203  199  195  191
  187  184  181  178  176  174  173  172  171  171  171  171  171  172  173  174
  175  175  176  177  179  180  181  182  183  185  186  188  190  192  194  197
  199  202  205  208  211  215  218  222  225
    82.5-180.0 180.0   5.0 450.0                            LAT/LON1/LON2/DLON/H
  224  229  234  238  242  246  249  251  254  255  256  257  257  256  255  253
  250  247  244  240  235  230  225  218  212  205  198  191  184  177  171  165
  159  154  150  147  145  143  142  142  142  143  144  146  147  149  151  153
  154  156  158  159  161  162  163  164  166  167  169  171  173  176  179  182
  186  190  194  199  204  209  214  219  224
    80.0-180.0 180.0   5.0 450.0                            LAT/LON1/LON2/DLON/H
  227  233  239  244  248  252  255  257  259  259  259  258  256  254  251  247
  244  239  235  230  224  218  212  205  197  188  179  170  161  152  144  136
  129  123  119  115  113  112  112  113  115  117  120  123  126  129  132  134
  137  139  141  143  144  146  147  148  150  151  153  155  158  161  165  170
  175  181  187  193  200  207  214  221  227
    77.5-180.0 180.0   5.0 450.0                            LAT/LON1/LON2/DLON/H
  238  245  251  256  260  263  265  265  265  263  260  256  251  246  240  233
  227  222  216  210  205  199  193  186  178  170  160  150  139  129  119  110
  102   96   91   88   87   87   88   90   93   97  100  104  108  112  115  118
  121  123  125  127  129  131  132  134  136  138  141  144  148  152  157  164
  170  178  186  195  204  213  222  230  238
    75.0-180.0 180.0   5.0 450.0                            LAT/LON1/LON2/DLON/H
  256  263  269  274  277  279  279  278  274  269  262  254  245  235  224  214
  205  197  190  184  180  175  171  166  160  152  143  133  122  110  100   90
   82   76   71   69   68   69   71   74   78   82   86   90   94   97  100  103
  105  107  109  112  114  116  119  122  125  128  132  137  142  149  156  164
  173  183  194  205  216  227  237  247  256
    72.5-180.0 180.0   5.0 450.0                            LAT/LON1/LON2/DLON/H
  278  286  292  297  299  300  298  294  288  279  269  256  241  225  209  194
  181  170  162  156  153  151  150  147  144  138  130  121  110   98   87   77
   69   63   59   58   58   59   62   65   69   73   76   80   82   85   87   88
   90   91   93   95   98  102  106  111  116  122  128  135  143  152  161  172
  183  196  208  221  234  246  258  269  278
    70.0-180.0 180.0   5.0 450.0                            LAT/LON1/LON2/DLON/H
  300  308  315  319  321  321  318  313  304  293  279  262  242  221  200  180
  162  148  138  133  131  131  132  133  132  128  122  113  102   90   79   70
   62   57   54   53   53   55   57   60   64   67   70   72   73   74   74   74
   74   74   76   78   82   87   93  101  109  118  128  138  149  160  172  185
  199  213  226  240  253  266  279  290  300
    67.5-180.0 180.0   5.0 450.0                            LAT/LON1/LON2/DLON/H
  317  325  332  337  339  338  335  329  321  308  293  273  250  225  199  175
  154  137  125  119  117  119  122  124  125  122  116  107   96   85   74   65
   58   54   52   52   52   54   56   58   61   63   65   66   66   65   64   62
   60   59   59   61   66   72   81   92  104  116  130  143  158  173  188  203
  218  232  246  259  272  284  295  306  317
    65.0-180.0 180.0   5.0 450.0                            LAT/LON1/LON2/DLON/H
  326  335  343  348  350  350  347  342  334  322  306  287  263  237  209  183
  159  140  127  119  116  117  119  121  121  118  111  101   90   79   69   61
   55   53   52   52   53   54   56   58   60   62   63   63   62   60   57   53
   49   46   45   46   51   60   71   84  100  116  133  151  169  187  205  223
  239  254  266  277  287  297  307  317  326
    62.5-180.0 180.0   5.0 450.0                            LAT/LON1/LON2/DLON/H
  331  340  348  353  356  356  353  349  341  331  318  300  278  253  227  201
  178  158  143  133  127  124  123  122  119  114  105   94   83   71   62   56
   53   52   52   54   55   56   57   59   61   63   64   64   63   59   54   49
   43   38   36   37   41   50   63   80   98  118  138  159  181  202  224  244
  261  276  287  295  301  307  314  322  331
    60.0-180.0 180.0   5.0 450.0                            LAT/LON1/LON2/DLON/H
  336  345  353  358  360  360  356  352  345  336  325  310  292  271  249  227
  206  187  171  158  147  139  133  126  119  109   98   86   74   64   57   53
   52   53   55   57   58   59   61   62   65   67   69   70   68   64   58   51
   44   37   34   33   38   47   61   78   99  121  144  167  192  217  242  264
  284  299  308  313  316  318  321  327  336
    57.5-180.0 180.0   5.0 450.0                            LAT/LON1/LON2/DLON/H
  345  354  362  367  368  366  361  354  347  339  329  317  303  287  271  254
  237  220  203  187  172  158  144  132  119  107   93   81   69   60   55   53
   54   58   61   64   66   67   68   71   74   77   80   80   78   73   66   59
   51   44   40   38   42   50   64   82  103  126  150  175  202  230  258  284
  306  322  331  334  334  332  333  338  345
    55.0-180.0 180.0   5.0 450.0                            LAT/LON1/LON2/DLON/H
  362  371  379  383  383  378  370  362  352  343  332  321  310  299  288  277
  264  250  233  214  194  175  156  138  122  107   93   80   70   63   59   59
   63   68   72   76   78   79   81   84   88   92   94   94   91   85   78   71
   64   58   53   51   53   61   73   91  111  133  157  182  210  240  271  300
  325  344  354  357  355  353  352  355  362
    52.5-180.0 180.0   5.0 450.0                            LAT/LON1/LON2/DLON/H
  387  396  403  406  404  398  388  376  364  351  338  326  315  306  299  292
  283  270  253  233  210  188  166  146  128  113   99   88   79   74   71   72
   76   82   87   91   93   95   98  101  105  109  111  109  104   98   91   85
   80   75   71   70   71   77   88  104  123  144  166  190  217  248  280  312
  340  361  374  380  379  377  376  380  387
    50.0-180.0 180.0   5.0 450.0                            LAT/LON1/LON2/DLON/H
  413  422  429  432  430  422  412  399  384  367  351  334  321  311  304  298
  290  278  261  241  218  195  174  156  139  125  113  104   96   91   89   89
   93   98  103  107  110  112  116  120  124  126  126  122  116  109  102   98
   96   94   92   90   91   96  106  120  138  157  177  199  224  253  285  318
  347  372  388  397  400  401  401  406  413
    47.5-180.0 180.0   5.0 450.0                            LAT/LON1/LON2/DLON/H
  435  444  450  453  451  445  437  425  410  391  370  349  331  317  307  299
  290  276  259  239  218  200  183  167  154  142  132  124  117  111  107  106
  108  112  116  120  123  127  131  136  140  141  138  132  124  116  111  109
  109  110  110  109  110  114  123  137  153  171  189  209  231  258  287  318
  347  373  393  406  414  418  421  427  435
    45.0-180.0 180.0   5.0 450.0                            LAT/LON1/LON2/DLON/H
  446  454  459  462  462  460  456  449  436  418  394  370  347  328  313  300
  287  270  251  232  215  203  192  181  170  159  150  143  135  128  122  118
  118  120  123  128  132  137  143  148  151  150  145  137  127  119  115  116
  119  122  123  123  123  127  136  150  166  183  201  218  238  261  286  313
  339  365  387  404  417  425  432  438  446
    42.5-180.0 180.0   5.0 450.0                            LAT/LON1/LON2/DLON/H
  447  453  456  457  458  461  465  465  458  443  421  395  369  346  326  307
  288  266  245  227  214  207  201  194  183  172  163  155  147  138  130  123
  121  122  126  130  136  143  149  155  157  155  149  139  129  121  118  120
  124  128  129  127  127  131  142  157  175  193  210  227  245  264  284  305
  327  350  373  394  410  423  432  439  447
    40.0-180.0 180.0   5.0 450.0                            LAT/LON1/LON2/DLON/H
  443  446  445  443  444  450  461  469  470  461  443  420  396  371  347  323
  299  272  248  229  219  214  210  202  190  176  165  157  150  141  131  123
  121  122  127  132  139  146  154  160  162  159  152  141  131  123  120  122
  125  127  126  123  122  127  139  157  178  198  217  235  251  267  283  299
  315  335  358  381  401  416  427  436  443
    37.5-180.0 180.0   5.0 450.0                            LAT/LON1/LON2/DLON/H
  447  447  441  433  429  436  450  464  472  470  459  443  423  401  376  350
  321  291  263  241  228  222  216  204  186  170  159  153  148  141  132  125
  124  128  133  139  146  153  161  166  168  164  157  146  136  127  123  123
  124  122  117  111  109  115  130  152  176  199  220  239  256  271  284  296
  309  327  350  374  397  415  429  440  447
    35.0-180.0 180.0   5.0 450.0                            LAT/LON1/LON2/DLON/H
  474  473  460  443  430  431  443  458  468  471  468  461  449  433  411  384
  354  321  288  260  241  229  216  197  175  157  149  149  151  148  142  139
  140  147  153  159  163  169  175  179  179  175  167  156  145  135  128  124
  120  113  104   95   93  100  118  143  170  197  220  241  260  275  289  300
  314  332  356  384  410  431  449  464  474
    32.5-180.0 180.0   5.0 450.0                            LAT/LON1/LON2/DLON/H
  536  536  518  488  462  451  453  461  467  470  472  475  473  463  445  421
  391  356  317  281  252  230  209  184  160  146  148  160  172  175  173  172
  177  186  193  195  196  197  199  200  198  192  183  171  157  144  133  124
  116  104   90   79   77   86  107  135  165  194  220  242  262  281  297  313
  331  354  383  415  445  472  497  520  536
    30.0-180.0 180.0   5.0 450.0                            LAT/LON1/LON2/DLON/H
  636  642  620  579  536  507  493  486  480  477  480  489  496  492  477  454
  424  388  343  297  256  224  197  172  154  152  170  198  222  231  231  231
  237  247  251  249  241  235  231  227  222  214  203  189  171  153  137  124
  111   96   80   68   66   78  101  131  163  193  220  243  265  287  310  334
  361  393  429  468  504  538  573  609  636
    27.5-180.0 180.0   5.0 450.0                            LAT/LON1/LON2/DLON/H
  766  782  761  710  651  602  568  541  516  500  499  510  521  520  504  480
  450  411  360  304  253  215  188  172  169  187  226  273  307  318  315  312
  316  323  323  312  295  278  266  256  247  236  222  204  182  158  138  122
  108   91   75   64   64   78  103  134  167  198  225  248  271  297  327  362
  401  444  489  535  579  622  670  722  766
    25.0-180.0 180.0   5.0 450.0                            LAT/LON1/LON2/DLON/H
  904  935  920  865  794  729  674  624  577  544  534  544  555  551  530  500
  466  423  367  303  246  209  193  195  216  260  323  384  422  429  415  402
  400  401  394  374  345  317  296  280  266  252  235  213  186  158  135  118
  104   90   75   67   70   86  112  144  178  209  235  257  280  310  348  394
  445  498  553  606  656  709  770  841  904
    22.5-180.0 180.0   5.0 450.0                            LAT/LON1/LON2/DLON/H
 1023 1072 1068 1017  942  867  797  727  659  608  588  594  600  588  557  517
  476  429  368  300  245  217  220  250  301  372  453  521  553  544  512  484
  471  466  451  420  380  342  313  291  274  257  237  212  181  150  127  112
  102   92   81   75   81  100  127  160  194  225  251  273  296  327  372  427
  487  549  609  665  720  779  852  939 1023
    20.0-180.0 180.0   5.0 450.0                            LAT/LON1/LON2/DLON/H
 1095 1163 1175 1135 1066  992  917  835  751  686  657  657  658  636  590  537
  487  436  374  308  260  249  280  341  421  512  599  660  674  641  585  538
  513  500  480  441  392  347  311  286  266  248  227  201  169  138  116  106
  101   96   89   87   95  115  144  178  213  245  272  294  316  349  398  459
  524  588  647  702  756  817  897  995 1095
    17.5-180.0 180.0   5.0 450.0                            LAT/LON1/LON2/DLON/H
 1103 1185 1216 1194 1142 1081 1011  927  837  765  732  729  725  693  633  567
  509  455  395  336  302  314  373  462  561  657  735  773  758  694  612  547
  514  497  473  431  378  329  291  265  245  227  207  181  151  124  106  101
  102  100   97   97  107  129  159  194  231  266  295  318  341  375  426  489
  553  612  665  712  759  815  892  994 1103
    15.0-180.0 180.0   5.0 450.0                            LAT/LON1/LON2/DLON/H
 1044 1135 1182 1183 1155 1116 1063  990  904  834  802  799  793  755  685  610
  547  494  441  394  376  409  490  596  699  782  831  834  781  686  583  507
  470  455  434  394  343  294  258  233  215  199  181  159  134  112  100  100
  104  105  103  104  115  138  170  206  246  284  316  341  366  403  455  515
  574  623  662  696  731  775  841  936 1044
    12.5-180.0 180.0   5.0 450.0                            LAT/LON1/LON2/DLON/H
  933 1023 1083 1106 1106 1095 1067 1013  942  881  856  859  855  815  743  665
  603  556  514  480  477  524  615  720  807  858  865  822  732  613  499  423
  393  387  375  342  296  252  221  201  186  172  157  139  121  106  101  104
  109  110  106  106  117  141  174  213  256  297  332  361  390  428  481  538
  587  623  647  666  684  711  759  836  933
    10.0-180.0 180.0   5.0 450.0                            LAT/LON1/LON2/DLON/H
  799  881  946  987 1013 1029 1028  999  949  904  889  899  901  866  797  724
  670  634  605  585  591  641  725  810  863  867  823  736  617  488  378  315
  301  310  312  290  252  216  191  176  165  153  141  128  117  110  109  113
  116  113  107  105  115  140  174  215  259  302  341  373  406  449  502  555
  596  619  629  633  636  645  670  722  799
     7.5-180.0 180.0   5.0 450.0                            LAT/LON1/LON2/DLON/H
  679  745  808  859  902  940  964  960  933  906  902  919  926  899  841  780
  739  717  702  690  698  736  796  845  852  804  712  591  459  336  247  209
  218  247  263  253  224  195  176  166  158  148  137  128  123  121  123  126
  125  117  106  101  110  135  171  214  258  301  340  376  414  461  515  566
  601  616  616  611  603  597  601  627  679
     5.0-180.0 180.0   5.0 450.0                            LAT/LON1/LON2/DLON/H
  603  650  703  755  805  855  896  913  907  896  901  921  932  914  869  823
  797  789  785  776  774  789  812  815  773  680  553  416  290  192  137  132
  168  215  244  242  219  194  180  174  168  157  146  139  137  139  141  141
  134  121  106   98  106  130  167  209  252  293  332  370  412  463  519  570
  603  616  614  608  598  585  573  576  603
     2.5-180.0 180.0   5.0 450.0                            LAT/LON1/LON2/DLON/H
  591  619  658  700  746  796  843  875  886  887  895  912  923  910  878  846
  833  836  837  825  805  787  767  725  643  522  383  252  152   92   77  105
  163  223  258  259  237  213  200  196  190  179  165  157  156  159  160  155
  143  125  107   97  102  125  162  203  243  281  317  356  401  455  514  566
  602  618  624  625  623  612  595  584  591
