test/codg2930.11i
     1.0            IONOSPHERE MAPS     GNSS                IONEX VERSION / TYPE
ADDNEQ2 V5.1        AIUB                24-OCT-11 20:31     PGM / RUN BY / DATE 
CODE'S GLOBAL IONOSPHERE MAPS FOR DAY 293, 2011             COMMENT             
Global ionosphere maps (GIM) are generated on a daily basis DESCRIPTION         
at CODE using data from about 150 GPS sites of the IGS and  DESCRIPTION         
other institutions. The vertical total electron content     DESCRIPTION         
(VTEC) is modeled in a solar-geomagnetic reference frame    DESCRIPTION         
using a spherical harmonics expansion up to degree and      DESCRIPTION         
order 15. Piece-wise linear functions are used for          DESCRIPTION         
representation in the time domain. The time spacing of      DESCRIPTION         
their vertices is 2 hours, conforming with the epochs of    DESCRIPTION         
the VTEC maps. Instrumental biases, so-called differential  DESCRIPTION         
P1-P2 code biases (DCB), for all GPS satellites and ground  DESCRIPTION         
stations are estimated as constant values for each day,     DESCRIPTION         
simultaneously with the 13 times 256, or 3328 parameters    DESCRIPTION         
used to represent the global VTEC distribution. The DCB     DESCRIPTION         
datum is defined by a zero-mean condition imposed on the    DESCRIPTION         
satellite bias estimates. P1-C1 bias corrections are taken  DESCRIPTION         
into account if needed. To convert line-of-sight TEC into   DESCRIPTION         
vertical TEC, a modified single-layer model mapping         DESCRIPTION         
function approximating the JPL extended slab model mapping  DESCRIPTION         
function is adopted. The mapping function is evaluated at   DESCRIPTION         
geodetic satellite elevation angles. For the computation of DESCRIPTION         
the ionospheric pierce points, a spherical layer with a     DESCRIPTION         
radius of 6821 km is assumed, implying geocentric, not      DESCRIPTION         
geodetic IONEX latitudes.                                   DESCRIPTION         
Note: These GIM results correspond to the results for the   DESCRIPTION         
middle day of a 3-day combination analysis solving for 37   DESCRIPTION         
times 256, or 9472 VTEC parameters and one common set of    DESCRIPTION         
satellite and 24-hour receiver DCB constants.               DESCRIPTION         
Contact address: stefan.schaer or code @aiub.unibe.ch       DESCRIPTION         
Web site:        http://www.aiub.unibe.ch/ionosphere/       DESCRIPTION         
Data archive:    ftp://ftp.unibe.ch/aiub/CODE/              DESCRIPTION         
                 http://www.aiub.unibe.ch/download/CODE/    DESCRIPTION         
  2011    10    20     0     0     0                        EPOCH OF FIRST MAP  
  2011    10    21     0     0     0                        EPOCH OF LAST MAP   
  7200                                                      INTERVAL            
    13                                                      # OF MAPS IN FILE   
  NONE                                                      MAPPING FUNCTION    
    10.0                                                    ELEVATION CUTOFF    
One-way carrier phase leveled to code                       OBSERVABLES USED    
[...]
cggn chat chpi chti chur cnmr coco conz cpxf crar cro1 ctwn COMMENT             
daej darw dav1 dgar dgav dhlg drao dubo ebre eprt fair faiv COMMENT             
fale flin flrs frdn func ganp glsv gode godz gold gope gras COMMENT             
graz guam guat guug harb hers hert hnpt hob2 hofn holb holm COMMENT             
hrao iddr ieng iisc ineg invk iqal iqui irkj irkt isba joz2 COMMENT             
joze jplv karr kely kerg khaj khar kir0 kiru kit3 kokb kokv COMMENT             
kosg kouc kour lama lhaz lmmf lpal m0se mac1 madr mal2 mana COMMENT             
mas1 mat1 mate maui maw1 mccj mcm4 mdo1 mdvj medi metz mizu COMMENT             
mkea mnls mobj mobk mobs monp morp mqzg mtka nano nico nist COMMENT             
nklg not1 novm nrc1 nril nrmd ntus nurk nya1 ohi2 ohi3 onsa COMMENT             
opmt pado palv park pbr2 pbri pdel penc pert pfa2 pie1 pimo COMMENT             
pol2 pots prds ptag ptbb qaq1 quin rabt ramo rbay rcmn reso COMMENT             
reun reyk rio2 riop rosa roth salu sant savo sch2 scor scub COMMENT             
sele sey1 sfer shao smst sofi spt0 sthl stjo suth sutv suwn COMMENT             
sydn syog tabv tah1 tah2 thti thu2 thu3 tid1 tidb tixg tixi COMMENT             
tlse tn22 tow2 tro1 tsea tskb twtf txes uclu ufpr ulab unb3 COMMENT             
unbj unbn unbt unsa usn3 usno usud vaco vald vesl vill vtsp COMMENT             
wab1 wab2 wes2 wgtn whit will wsrt wtza wtzr wtzs wtzz wuhn COMMENT             
xian xmis yakt yar3 yell yssk zeck zim2 zimm zwe2           COMMENT             
                                                            END OF HEADER       
[from data line 3003]
     8                                                      START OF TEC MAP    
  2011    10    20    14     0     0                        EPOCH OF CURRENT MAP
    87.5-180.0 180.0   5.0 450.0                            LAT/LON1/LON2/DLON/H
  147  148  149  150  151  151  152  153  153  153  154  154  154  154  153  153
  153  152  152  151  151  150  149  149  148  147  147  146  145  145  144  143
  143  142  141  140  140  139  138  137  136  136  135  134  133  133  132  132
  131  131  131  131  131  131  131  131  132  132  133  133  134  135  136  137
  138  139  140  141  142  143  144  145  147
    85.0-180.0 180.0   5.0 450.0                            LAT/LON1/LON2/DLON/H
  142  144  146  149  151  153  154  156  157  157  157  157  157  156  155  154
  153  152  151  150  149  148  147  146  146  145  145  145  144  144  144  143
  143  142  141  140  138  137  135  133  131  130  128  126  124  122  121  120
  118  118  117  116  116  116  116  116  117  117  118  119  120  121  122  123
  125  127  128  130  132  135  137  139  142
    82.5-180.0 180.0   5.0 450.0                            LAT/LON1/LON2/DLON/H
  128  131  135  139  143  146  149  152  153  154  155  155  154  153  151  149
  147  145  143  142  140  140  140  140  141  142  144  145  146  148  149  149
  150  149  149  147  145  143  140  137  134  130  127  123  120  117  114  112
  110  108  107  106  105  105  104  104  104  105  105  105  106  107  107  108
  109  110  112  113  115  118  121  124  128
    80.0-180.0 180.0   5.0 450.0                            LAT/LON1/LON2/DLON/H
  106  111  116  121  127  132  137  141  144  146  147  147  146  144  142  139
  136  134  132  131  131  132  134  136  140  144  148  152  156  160  163  165
  167  168  167  165  163  159  155  150  145  139  134  128  123  119  115  111
  108  106  104  102  101  100  100   99   99   98   98   97   97   96   96   95
   94   94   93   94   95   96   99  102  106
    77.5-180.0 180.0   5.0 450.0                            LAT/LON1/LON2/DLON/H
   81   86   92   99  106  114  120  126  131  134  136  136  136  134  131  128
  126  124  123  124  126  129  134  140  147  154  162  169  176  182  187  192
  194  195  195  193  189  184  178  171  163  155  147  140  133  127  122  118
  114  111  109  107  105  103  102  100   99   98   97   96   94   92   90   87
   84   81   79   77   75   75   75   78   81
    75.0-180.0 180.0   5.0 450.0                            LAT/LON1/LON2/DLON/H
   60   64   70   77   85   94  102  109  115  120  123  125  125  124  122  121
  120  119  121  124  129  136  145  155  165  175  186  196  205  212  219  224
  227  229  228  225  220  213  205  195  185  174  164  155  147  140  134  129
  125  122  119  116  113  110  108  105  103  101  100   98   96   93   90   86
   82   76   71   66   62   58   57   57   60
    72.5-180.0 180.0   5.0 450.0                            LAT/LON1/LON2/DLON/H
   46   48   53   60   68   77   85   93  100  106  110  114  115  116  117  117
  119  122  127  134  143  154  167  180  193  206  218  228  237  245  252  257
  260  262  261  257  251  242  231  219  206  193  181  170  161  153  147  142
  138  134  130  126  122  118  113  109  106  103  101   99   98   96   93   90
   85   78   71   64   57   51   47   45   46
    70.0-180.0 180.0   5.0 450.0                            LAT/LON1/LON2/DLON/H
   42   43   46   51   57   64   71   79   85   92   97  102  106  110  114  118
  123  130  139  151  164  180  196  212  227  240  251  260  268  275  280  284
  287  288  287  283  276  266  253  239  223  208  194  182  172  164  158  153
  149  144  139  134  127  121  114  108  103   99   97   96   96   96   96   94
   90   85   78   70   61   54   47   43   42
    67.5-180.0 180.0   5.0 450.0                            LAT/LON1/LON2/DLON/H
   47   46   47   50   53   57   62   66   72   77   84   90   97  104  112  120
  130  141  155  171  189  208  227  245  260  271  280  286  291  295  298  302
  304  306  305  301  294  283  269  253  236  219  203  189  179  170  164  160
  155  150  144  136  128  118  109  100   93   88   86   86   88   91   93   95
   95   92   87   80   71   63   56   50   47
    65.0-180.0 180.0   5.0 450.0                            LAT/LON1/LON2/DLON/H
   59   56   55   55   55   55   56   57   59   64   69   77   87   97  109  122
  136  152  170  190  211  233  254  271  285  294  299  302  303  304  306  308
  312  314  314  312  305  294  280  263  244  226  209  194  183  174  168  163
  158  152  144  135  123  111   99   88   79   72   69   70   74   80   86   92
   96   96   94   89   82   75   68   62   59
    62.5-180.0 180.0   5.0 450.0                            LAT/LON1/LON2/DLON/H
   71   69   67   64   61   57   53   50   49   51   55   63   75   88  104  121
  139  159  180  203  227  250  271  288  300  305  307  306  304  303  305  308
  313  317  318  317  312  302  288  271  253  233  215  200  187  178  171  165
  159  152  143  132  119  105   91   77   66   58   55   55   60   67   76   85
   92   97   98   95   91   85   80   75   71
    60.0-180.0 180.0   5.0 450.0                            LAT/LON1/LON2/DLON/H
   82   80   78   74   68   62   54   47   42   41   43   50   62   78   97  118
  139  162  185  209  234  257  278  293  302  305  304  301  298  298  301  306
  312  318  321  321  317  309  297  281  263  244  226  210  196  186  177  170
  162  154  144  132  118  103   89   75   63   54   49   49   53   60   69   79
   88   94   97   97   95   91   88   85   82
    57.5-180.0 180.0   5.0 450.0                            LAT/LON1/LON2/DLON/H
   90   89   87   83   77   68   59   49   41   36   36   41   53   69   90  113
  137  162  186  211  234  257  275  289  296  298  295  292  291  293  299  307
  315  322  325  326  323  317  308  295  279  261  243  227  212  200  190  180
  171  161  150  138  124  110   96   83   72   63   57   56   58   63   70   79
   86   92   95   96   95   94   92   91   90
    55.0-180.0 180.0   5.0 450.0                            LAT/LON1/LON2/DLON/H
   94   94   93   90   85   77   68   57   46   39   35   38   48   64   86  111
  136  162  186  210  232  252  268  280  286  287  285  284  286  293  303  314
  323  329  332  332  330  326  321  312  299  284  267  251  235  221  208  196
  184  173  161  149  137  125  113  102   92   85   80   77   77   79   82   87
   91   94   96   96   95   94   94   94   94
    52.5-180.0 180.0   5.0 450.0                            LAT/LON1/LON2/DLON/H
   98   99   99   97   94   89   81   71   60   50   44   44   51   66   87  113
  139  165  189  211  230  248  262  271  276  277  277  280  286  298  312  325
  334  339  339  338  337  336  335  330  322  310  295  278  262  246  230  215
  201  188  175  163  152  141  132  124  118  113  110  108  106  105  104  103
  103  101  100   99   98   97   97   97   98
    50.0-180.0 180.0   5.0 450.0                            LAT/LON1/LON2/DLON/H
  104  105  105  105  104  101   97   89   79   69   60   57   62   75   95  121
  148  174  197  216  233  247  258  266  270  272  274  279  290  305  322  336
  344  347  345  342  342  345  347  348  344  334  321  305  288  270  252  234
  217  201  187  175  163  153  145  140  138  137  138  138  137  134  130  124
  119  114  109  106  104  103  103  103  104
    47.5-180.0 180.0   5.0 450.0                            LAT/LON1/LON2/DLON/H
  112  112  112  113  114  115  114  110  102   92   82   77   79   90  110  135
  162  187  209  227  241  252  260  266  269  270  273  280  293  310  328  342
  349  349  346  344  345  351  358  363  362  356  344  328  310  290  269  248
  228  210  194  179  166  155  146  142  143  147  152  156  158  156  151  143
  135  127  121  116  114  113  112  113  112
    45.0-180.0 180.0   5.0 450.0                            LAT/LON1/LON2/DLON/H
  122  121  119  120  122  126  129  128  123  115  106  100  101  111  129  153
  179  204  225  241  253  261  267  270  271  272  274  280  292  309  326  338
  345  345  343  344  349  359  369  377  378  372  361  346  327  305  281  256
  234  213  194  177  160  145  134  129  130  137  147  156  161  163  159  153
  145  137  130  126  124  123  123  123  122
    42.5-180.0 180.0   5.0 450.0                            LAT/LON1/LON2/DLON/H
  130  127  125  125  128  133  139  141  140  134  126  122  123  133  151  173
  198  221  240  256  266  273  276  277  276  274  274  277  286  299  314  326
  334  338  342  348  359  372  385  393  394  388  376  360  340  316  289  262
  237  214  193  172  150  130  114  105  105  113  124  136  146  152  153  150
  145  140  135  132  131  131  132  132  130
    40.0-180.0 180.0   5.0 450.0                            LAT/LON1/LON2/DLON/H
  132  129  125  125  128  134  141  146  147  144  140  139  143  154  171  193
  215  236  254  268  278  284  286  285  282  277  272  271  274  283  296  310
  323  336  349  364  381  397  409  416  415  408  396  379  357  331  302  273
  246  222  199  175  149  123  101   87   83   86   96  109  120  130  135  137
  137  135  133  132  131  132  133  133  132
    37.5-180.0 180.0   5.0 450.0                            LAT/LON1/LON2/DLON/H
  126  123  120  119  121  128  136  143  146  146  146  149  157  172  190  210
  229  247  263  277  288  294  296  293  287  280  271  265  263  268  280  298
  321  347  373  399  421  438  448  451  447  439  426  409  386  358  327  297
  270  246  222  197  169  140  113   93   82   78   81   89   98  108  116  122
  126  127  127  126  125  125  125  126  126
    35.0-180.0 180.0   5.0 450.0                            LAT/LON1/LON2/DLON/H
  111  110  108  107  110  116  125  132  137  140  144  152  166  185  205  224
  240  254  269  283  295  303  305  301  294  284  273  263  258  262  277  303
  339  380  421  457  482  497  502  501  495  486  473  457  434  405  374  343
  317  294  273  249  222  193  165  140  120  106   98   95   97  102  110  117
  122  124  123  119  114  111  109  110  111
    32.5-180.0 180.0   5.0 450.0                            LAT/LON1/LON2/DLON/H
   92   94   94   93   96  102  110  118  123  129  137  150  170  193  216  235
  248  260  272  287  301  310  313  310  303  293  281  271  267  274  295  332
  382  439  493  535  561  571  569  563  556  549  539  524  502  475  444  415
  391  371  353  333  310  286  260  234  208  182  158  141  130  126  127  131
  133  133  127  117  105   95   90   90   92
    30.0-180.0 180.0   5.0 450.0                            LAT/LON1/LON2/DLON/H
   75   79   80   80   82   88   96  103  109  116  127  144  169  198  224  244
  256  265  276  291  307  318  323  320  314  306  298  292  294  308  339  388
  451  521  584  628  650  651  642  632  626  623  618  607  587  561  533  507
  486  469  454  440  426  410  392  368  337  300  261  227  201  185  176  171
  167  159  146  127  105   86   75   73   75
    27.5-180.0 180.0   5.0 450.0                            LAT/LON1/LON2/DLON/H
   67   71   73   72   73   78   84   92   98  106  117  137  166  199  230  252
  265  273  283  298  316  328  333  332  328  324  323  326  338  363  406  466
  540  618  683  723  735  725  709  697  695  698  700  693  677  654  630  607
  589  574  562  553  548  545  537  519  486  441  390  342  302  271  250  235
  221  204  181  151  119   90   72   65   67
    25.0-180.0 180.0   5.0 450.0                            LAT/LON1/LON2/DLON/H
   73   75   75   73   71   73   78   85   91   99  110  130  160  197  232  259
  274  283  293  309  327  340  345  344  343  346  354  369  394  433  488  558
  637  715  775  806  805  784  761  750  754  764  772  770  757  738  717  698
  682  667  655  649  651  660  664  654  623  575  518  461  411  370  338  311
  287  261  229  190  148  111   84   73   73
    22.5-180.0 180.0   5.0 450.0                            LAT/LON1/LON2/DLON/H
   94   94   90   82   75   74   77   83   89   95  106  124  154  192  232  264
  283  295  307  323  341  354  357  356  359  368  387  416  456  509  574  648
  727  798  847  864  849  819  792  784  793  810  822  823  813  797  780  763
  746  727  710  702  709  727  742  740  715  669  613  556  504  459  419  384
  352  319  282  238  190  147  114   98   94
    20.0-180.0 180.0   5.0 450.0                            LAT/LON1/LON2/DLON/H
  129  124  115  100   86   79   79   83   89   95  104  120  147  186  230  267
  292  308  322  340  358  368  370  369  374  391  420  462  515  579  650  725
  796  854  889  892  866  828  801  796  811  832  845  845  835  821  806  790
  769  741  715  700  706  727  749  754  735  697  650  603  558  516  475  437
  401  366  328  285  238  192  157  137  129
    17.5-180.0 180.0   5.0 450.0                            LAT/LON1/LON2/DLON/H
  171  161  145  122  100   86   82   85   90   96  104  117  142  180  227  269
  300  321  339  358  375  384  383  382  390  413  452  504  567  637  709  777
  836  879  898  889  857  818  793  792  809  829  839  835  823  809  794  776
  747  708  667  641  639  659  682  690  678  651  620  590  561  528  493  456
  422  390  359  323  281  239  204  182  171
    15.0-180.0 180.0   5.0 450.0                            LAT/LON1/LON2/DLON/H
  211  197  175  145  115   94   85   85   90   97  104  116  138  176  223  270
  307  333  355  376  394  401  399  397  408  437  483  541  607  678  745  802
  845  873  880  865  833  798  779  781  797  812  814  803  786  769  752  728
  690  637  580  539  527  540  559  568  560  545  533  525  515  497  471  441
  413  389  368  343  313  278  246  224  211
    12.5-180.0 180.0   5.0 450.0                            LAT/LON1/LON2/DLON/H
  240  225  199  164  128  101   87   84   89   97  106  118  139  174  222  272
  313  343  370  394  413  420  417  417  432  466  515  574  639  703  759  802
  830  845  845  831  805  781  769  774  785  790  782  763  739  718  696  666
  618  550  478  422  399  403  416  421  417  413  419  431  439  435  420  398
  379  365  355  345  327  301  275  255  240
    10.0-180.0 180.0   5.0 450.0                            LAT/LON1/LON2/DLON/H
  255  240  215  178  139  108   89   84   88   97  108  122  143  178  225  276
  319  354  384  412  433  441  441  444  463  501  551  607  663  716  758  786
  801  807  806  799  786  775  772  778  782  777  758  730  701  675  647  610
  552  473  389  324  291  288  294  295  292  297  316  342  363  368  360  345
  333  328  329  330  323  306  285  267  255
     7.5-180.0 180.0   5.0 450.0                            LAT/LON1/LON2/DLON/H
  253  242  220  187  148  115   93   84   86   97  112  129  152  187  233  283
  327  364  397  429  453  465  469  477  502  543  592  641  685  723  749  763
  768  771  774  779  782  786  791  796  794  779  752  718  685  654  622  577
  513  429  340  271  235  229  232  231  228  236  260  292  315  321  314  302
  294  294  300  307  306  294  277  262  253
     5.0-180.0 180.0   5.0 450.0                            LAT/LON1/LON2/DLON/H
  237  232  218  191  156  124  100   88   88   98  116  138  164  200  245  293
  336  374  409  444  473  490  499  514  544  588  634  674  705  727  739  743
  742  746  757  774  793  810  822  826  818  797  766  731  697  664  628  580
  513  429  344  279  249  246  251  250  247  255  277  303  317  314  300  284
  275  274  279  285  284  272  256  243  237
     2.5-180.0 180.0   5.0 450.0                            LAT/LON1/LON2/DLON/H
  214  216  210  192  164  135  111   95   92  101  121  147  178  214  258  304
  346  383  420  457  489  512  528  550  586  631  674  705  722  730  732  729
  728  736  755  783  814  839  856  859  848  824  795  764  734  702  664  615
  551  474  399  347  329  337  349  352  350  354  367  378  373  352  325  301
  285  276  274  271  264  247  228  216  214
